66.0
73.66666666666667
62.333333333333336
67.0
77.33333333333333
64.0
56.0
60.666666666666664
65.33333333333333
58.666666666666664
81.33333333333333
52.0
69.66666666666667
47.666666666666664
31.666666666666668
50.0
65.0
65.33333333333333
66.66666666666667
63.666666666666664
51.0
75.0
51.666666666666664
74.33333333333333
89.66666666666667
45.666666666666664
58.0
75.33333333333333
70.33333333333333
43.333333333333336
60.333333333333336
64.66666666666667
59.0
65.0
64.33333333333333
46.666666666666664
71.0
59.666666666666664
88.0
60.666666666666664
48.666666666666664
42.666666666666664
46.333333333333336
49.333333333333336
60.333333333333336
74.66666666666667
53.666666666666664
66.66666666666667
63.666666666666664
86.33333333333333
58.333333333333336
78.33333333333333
59.666666666666664
56.333333333333336
47.333333333333336
58.666666666666664
55.0
42.666666666666664
62.0
39.666666666666664
56.333333333333336
53.0
86.66666666666667
63.0
55.333333333333336
73.0
58.666666666666664
73.33333333333333
68.0
54.333333333333336
51.666666666666664
77.66666666666667
54.666666666666664
70.0
72.33333333333333
55.0
33.666666666666664
77.0
49.0
70.0
58.0
70.66666666666667
87.66666666666667
60.0
87.33333333333333
49.333333333333336
49.333333333333336
39.666666666666664
61.333333333333336
73.33333333333333
59.84444444444444 62.65555555555556 62.74444444444445
